1,mjzmbmzyvy,26,28,26,18,1,13,46,18,20,36,26,49,13,46,42,24,18,1,30,25
2,ljybccnovg,690,24,5,23,24,30,44,17
3,ubqgncpriq,203,30,10,17,46,13,7,22,10,36,46,43,11,37,6,36,5,2,15,46,33
4,daypbipqid,75,
5,cftndfgywa,631,2,6,29,8,44,16,48,37,30,45,48,46,17,15,38,43,28,20,10,38,43,33
6,qopdhkxmhb,363,18,43,9,26,46,8
7,luihksixfi,5,4,16,19,46,49,25,29,26,43,5,9,30,27,48,13,8,22,32
8,oqtbefyjxp,108,46,16
9,sfmifhfztv,526,19,29,42,4,44,22,45,6,33,23,22,40,45,11,8,10,35,2,47
10,smpzolvwul,186,15,17,16,28,5,3,40,26,24,45,32,10
11,lhwcdiygko,272,43,22,35,49,35,38,2,3
12,pklrbpoobz,365,10,2,45,9,11,48,1,37,8,41,39,20,18,40,45,10,17,42,43,38,5
13,yalpuhfdzn,291,27,45,36,21,36,42,18,20
14,yjjsplqurj,639,32,20,9
15,vmjdozaghp,101,40,48,12,48,14,48,47,44,13,2,15,19,25,43,23
16,njxmxirwee,800,22
17,tdbvdejioo,496,38
18,sznydvttrl,77,32,9,41
19,qakscjavgi,641,7,27,28,8,40,43,18,45,39,22,15,22
20,upnwtneayj,625,26,47,44,33,31,25,27,49,25,29,29,18,2,26,39,18,11,21,14,31
21,twtzkxofnu,120,20,19,22,38,34,3
22,ippxrzwxlf,401,
23,rhxkxjhmfi,310,15,12,3,31
24,rlwctrsyts,451,22,44,33,11,43,31,43,26,16,2,22,13,32,32,40,31
25,jsoldvfwbg,145,46,23
26,pptuokwbaa,882,40,20,18,27,23,17,18,30,26,22,48,33,38,10,25,18,21,14,42,2,33,37,6
27,jsgbyiiqen,712,34,16,3,8,6,28
28,gvkpwzbwvf,983,39,34,6,7,39,22,33,35,47,16,20,9,2,6,42,4,44,41,22,29,46,8
29,osimdopkyb,707,31,30,29,13,38,41,4,8,25,44,46,41,22,34,45
30,lrysfgvdfr,568,19,8,20,34,36,30,18,17,18,44,27,28,37,45,40,17,41,15,14,3,32,44,4
31,yykwnzjesu,676,35,10,32,7,6,37,33,15,47,8,35,45,12,39,2,44,15,7
32,rxzzgkzrmw,691,23,42,16,44,2,27,48,17,10,45,30,23,42,31,8,28
33,puuolrgnfe,617,13,28,49,27,3,37,28,49,38,39,26,18,18,20,35,23,27,46,39,26,23,16
34,efdejjyqsb,705,41
35,aqnovekzak,647,41,8,22,24,41,27,9,17,48
36,mnnidqnwso,703,30,47,16,46,42,23,22,23,22,38,43,5,24,27
37,umhxpkslkj,703,27,13,47,32,6
38,gtiusezdtm,469,3,16,21,25,32,4,18
39,jxnmorvgcb,300,35,21,8,37,35,14,26,14,2
40,pawkqgjizh,20,45,15,25,44,2,6,28,38,5,47,4,14,6,23
41,mxhqhzfqll,384,25,9,20,18,1,15,37,15,17,3,37,4,6,30,19,8
42,wgvfhggyxj,665,13,24,40,13,20,45,29,5
43,ljgcdrroia,59,23,40,40,8,44,8,48,11,37,16,3,17,20,38,8,24,33,35,24
44,icrcwpimgn,565,8,3,22,35,7,26,49,43,39,9,40,25
45,ujttcvkgfx,80,20,7,4,2,49,5,48,4,19,35,5,20,33,14,45,46,7,47
46,hkfhexpovw,281,2,24,45,41,12,4,30,46,34,25
47,oldwssuuju,448,5,30,2,8,49,32
48,rdtxllrhub,905,23,31,25,37,49,33,42,35,4,2,29,36,35,34,25,41,32,6
49,mdbdztyvjr,863,49,16,33,36,2,9,20,4,48,23,7,11,15,26,37,18,5,9
50,hxqfxrnnsb,311,39,29,5,31,8,48,5,23,3,41,5